best_agent.weights_input_hidden=array([[  22.81014195, -896.82269129,  788.20089096, -425.52359925,
        -742.53454559],
       [-150.65052175, -746.84011935, -986.71331377,  668.9480132 ,
         820.71360707],
       [ 784.20788534, -376.037527  ,  227.18790958, -239.24248798,
         858.56212038],
       [-932.8399896 , -335.18409616,  431.67319816,  750.00296224,
        -240.37472995],
       [-752.31912116, -566.1093534 ,  206.27379904,  265.60941138,
         527.56475075],
       [ 949.7089147 , -361.90670523, -380.07437495, -324.82120577,
        -830.51082746],
       [-858.56722622,  954.951791  , -961.56353488, -795.37073539,
         -41.63044157],
       [ -57.27723472,  559.02875999, -657.78897386,  562.4121797 ,
        -887.99851419],
       [ 518.22546464,  726.87373864,  772.27714626,  474.56866994,
         571.88534798],
       [ 841.73994499,  293.88276729, -510.11148835,   28.45978695,
         365.86796316]])
best_agent.weights_hidden_output=array([-366.38675626, -869.30120667,  975.23946005,  945.00496736,
       -244.34962152])
