best_agent.weights_input_hidden=array([[ 800.99227089, -480.48063939, -301.2534357 , -196.46536498,
        -743.09150888],
       [ 960.52639824,  171.58194787, -183.25082742,  -79.47714778,
        -703.96205886],
       [  55.66500212, -904.74403859,  977.0442675 ,  442.07062394,
        -767.35275156],
       [-716.82480082,  -66.64107161,  630.6242964 , -770.78175814,
        -604.12623559],
       [ 132.99169764,  204.99824639,  689.51118639, -998.88609201,
         272.33229074],
       [-577.96391641, -974.58688859,  198.7438941 , -597.20657665,
        -184.1173736 ],
       [ 885.94358581, -566.66038815,  196.79556628, -683.92669424,
         882.00690058],
       [ 224.10414014,   45.33285731,  121.03031629,  -70.23585472,
        -125.29485757],
       [ 722.54682639, -421.63810415, -185.24726454,  701.27940819,
         575.94632705],
       [-128.19590182,  914.84045664,  -98.24447554,  222.78941436,
         296.99801165]])
best_agent.weights_hidden_output=array([-939.90476056,  -89.59455454,  282.4566539 , -757.53241987,
        552.09734337])
